37.20010353 -80.56353871
37.19975611 -80.56445613
37.20025631 -80.56474937
37.20073436 -80.56500679
37.20095499 -80.56521823
37.20092742 -80.56548483
37.20087226 -80.56580659
37.20060565 -80.56665237
37.19994374 -80.56826119
37.19953356 -80.56932943 
37.19877692 -80.57228034
37.19866342 -80.57336486
37.19862559 -80.57402063
37.19867603 -80.57441156
37.19857514 -80.57490338
37.19793928 -80.57616085
37.19773499 -80.57672833
37.19733363 -80.57717871
37.19717427 -80.57736669 
37.19650922 -80.57853293
37.19633897 -80.57880532 